step           time         Umax       divMax   Loc(i,j,k)           dU  ItrP          ResP
1      6.250000e-03   1.0000e+00   3.4578e-05   (30,25,27)   3.5998e+00    66   9.60463e-04
10     6.250000e-02   1.0000e+00   3.5946e-04   (34,28,34)   9.1561e-01    28   9.78545e-04
20     1.250000e-01   1.0000e+00   7.7668e-04    (3,18,34)   4.7477e-01    16   9.20842e-04
30     1.875000e-01   1.0000e+00   8.1881e-04    (3,19,34)   3.2407e-01    14   9.15283e-04
40     2.500000e-01   1.0000e+00   8.6454e-04    (34,5,34)   2.4609e-01    14   9.09760e-04
50     3.125000e-01   1.0000e+00   9.3897e-04   (34,33,34)   1.9814e-01    14   9.88345e-04
60     3.750000e-01   1.0000e+00   9.3041e-04    (34,4,34)   1.6564e-01    14   9.37367e-04
70     4.375000e-01   1.0000e+00   9.2527e-04    (34,4,34)   1.4215e-01    14   9.06267e-04
80     5.000000e-01   1.0000e+00   9.2416e-04    (34,4,34)   1.2436e-01    14   8.96749e-04
90     5.625000e-01   1.0000e+00   9.2236e-04   (34,31,34)   1.1033e-01    14   8.96294e-04
100    6.250000e-01   1.0000e+00   9.2320e-04    (34,6,34)   9.8996e-02    14   8.95906e-04
110    6.875000e-01   1.0000e+00   9.2216e-04    (34,6,34)   8.9608e-02    14   9.02615e-04
120    7.500000e-01   1.0000e+00   9.1425e-04   (34,22,34)   8.1688e-02    14   8.92422e-04
130    8.125000e-01   1.0000e+00   9.2193e-04   (34,15,34)   7.4869e-02    14   9.05719e-04
140    8.750000e-01   1.0000e+00   9.2636e-04   (34,15,34)   6.8940e-02    14   9.08320e-04
150    9.375000e-01   1.0000e+00   9.3267e-04   (34,22,34)   6.3748e-02    14   9.17591e-04
160    1.000000e+00   1.0000e+00   9.3713e-04   (34,21,34)   5.9155e-02    14   9.23739e-04
170    1.062500e+00   1.0000e+00   9.4228e-04   (34,22,34)   5.5037e-02    14   9.31026e-04
180    1.125000e+00   1.0000e+00   9.4760e-04   (34,21,34)   5.1328e-02    14   9.36623e-04
190    1.187500e+00   1.0000e+00   9.5248e-04   (34,16,34)   4.7976e-02    14   9.42625e-04
200    1.250000e+00   1.0000e+00   9.5767e-04   (34,21,34)   4.4950e-02    14   9.47899e-04
210    1.312500e+00   1.0000e+00   9.6250e-04   (34,21,34)   4.2208e-02    14   9.53682e-04
220    1.375000e+00   1.0000e+00   9.6783e-04   (34,16,34)   3.9706e-02    14   9.60042e-04
230    1.437500e+00   1.0000e+00   9.8257e-04   (34,16,34)   3.7410e-02    14   9.83940e-04
240    1.500000e+00   1.0000e+00   9.8649e-04   (34,16,34)   3.5304e-02    14   9.88770e-04
250    1.562500e+00   1.0000e+00   9.9001e-04   (34,16,34)   3.3364e-02    14   9.93097e-04
260    1.625000e+00   1.0000e+00   9.9309e-04   (34,16,34)   3.1567e-02    14   9.96858e-04
270    1.687500e+00   1.0000e+00   9.8680e-04   (34,21,34)   2.9900e-02    14   9.65250e-04
280    1.750000e+00   1.0000e+00   9.8858e-04   (34,16,34)   2.8350e-02    14   9.67552e-04
290    1.812500e+00   1.0000e+00   9.9082e-04   (34,16,34)   2.6905e-02    14   9.70051e-04
300    1.875000e+00   1.0000e+00   9.9285e-04   (34,16,34)   2.5553e-02    14   9.72255e-04
310    1.937500e+00   1.0000e+00   9.9469e-04   (34,16,34)   2.4285e-02    14   9.74206e-04
320    2.000000e+00   1.0000e+00   9.9636e-04   (34,16,34)   2.3095e-02    14   9.75935e-04
330    2.062500e+00   1.0000e+00   9.9787e-04   (34,16,34)   2.1978e-02    14   9.77460e-04
340    2.125000e+00   1.0000e+00   9.9923e-04   (34,16,34)   2.0926e-02    14   9.78804e-04
350    2.187500e+00   1.0000e+00   1.0005e-03   (34,16,34)   1.9937e-02    14   9.79997e-04
360    2.250000e+00   1.0000e+00   1.0015e-03   (34,16,34)   1.9004e-02    14   9.81040e-04
370    2.312500e+00   1.0000e+00   1.0025e-03   (34,16,34)   1.8123e-02    14   9.81978e-04
380    2.375000e+00   1.0000e+00   1.0034e-03   (34,16,34)   1.7289e-02    14   9.82813e-04
390    2.437500e+00   1.0000e+00   1.0043e-03   (34,16,34)   1.6499e-02    14   9.83554e-04
400    2.500000e+00   1.0000e+00   1.0051e-03   (34,16,34)   1.5748e-02    14   9.84213e-04
410    2.562500e+00   1.0000e+00   1.0058e-03   (34,16,34)   1.5035e-02    14   9.84801e-04
420    2.625000e+00   1.0000e+00   1.0064e-03   (34,16,34)   1.4356e-02    14   9.85328e-04
430    2.687500e+00   1.0000e+00   1.0071e-03   (34,16,34)   1.3711e-02    14   9.85801e-04
440    2.750000e+00   1.0000e+00   1.0076e-03   (34,16,34)   1.3097e-02    14   9.86227e-04
450    2.812500e+00   1.0000e+00   1.0082e-03   (34,16,34)   1.2512e-02    14   9.86612e-04
460    2.875000e+00   1.0000e+00   1.0087e-03   (34,16,34)   1.1954e-02    14   9.86959e-04
470    2.937500e+00   1.0000e+00   1.0092e-03   (34,16,34)   1.1422e-02    14   9.87274e-04
480    3.000000e+00   1.0000e+00   1.0096e-03   (34,16,34)   1.0915e-02    14   9.87561e-04
490    3.062500e+00   1.0000e+00   1.0100e-03   (34,16,34)   1.0431e-02    14   9.87823e-04
500    3.125000e+00   1.0000e+00   1.0104e-03   (34,16,34)   9.9690e-03    14   9.88063e-04
510    3.187500e+00   1.0000e+00   1.0108e-03   (34,16,34)   9.5276e-03    14   9.88284e-04
520    3.250000e+00   1.0000e+00   1.0111e-03   (34,16,34)   9.1059e-03    14   9.88488e-04
530    3.312500e+00   1.0000e+00   1.0115e-03   (34,16,34)   8.7029e-03    14   9.88677e-04
540    3.375000e+00   1.0000e+00   1.0118e-03   (34,16,34)   8.3177e-03    14   9.88853e-04
550    3.437500e+00   1.0000e+00   1.0121e-03   (34,16,34)   7.9493e-03    14   9.89017e-04
560    3.500000e+00   1.0000e+00   1.0124e-03   (34,16,34)   7.5970e-03    14   9.89171e-04
570    3.562500e+00   1.0000e+00   1.0127e-03   (34,16,34)   7.2600e-03    14   9.89315e-04
580    3.625000e+00   1.0000e+00   1.0129e-03   (34,16,34)   6.9377e-03    14   9.89450e-04
590    3.687500e+00   1.0000e+00   1.0132e-03   (34,16,34)   6.6292e-03    14   9.89578e-04
600    3.750000e+00   1.0000e+00   1.0134e-03   (34,16,34)   6.3341e-03    14   9.89697e-04
610    3.812500e+00   1.0000e+00   1.0137e-03   (34,16,34)   6.0518e-03    14   9.89810e-04
620    3.875000e+00   1.0000e+00   1.0139e-03   (34,16,34)   5.7816e-03    14   9.89917e-04
630    3.937500e+00   1.0000e+00   1.0141e-03   (34,16,34)   5.5231e-03    14   9.90017e-04
640    4.000000e+00   1.0000e+00   1.0143e-03   (34,16,34)   5.2757e-03    14   9.90111e-04
650    4.062500e+00   1.0000e+00   1.0145e-03   (34,16,34)   5.0391e-03    14   9.90200e-04
660    4.125000e+00   1.0000e+00   1.0147e-03   (34,16,34)   4.8127e-03    14   9.90284e-04
670    4.187500e+00   1.0000e+00   1.0149e-03   (34,16,34)   4.5962e-03    14   9.90364e-04
680    4.250000e+00   1.0000e+00   1.0150e-03   (34,16,34)   4.3891e-03    14   9.90439e-04
690    4.312500e+00   1.0000e+00   1.0152e-03   (34,16,34)   4.1910e-03    14   9.90511e-04
700    4.375000e+00   1.0000e+00   1.0153e-03   (34,16,34)   4.0016e-03    14   9.90579e-04
710    4.437500e+00   1.0000e+00   1.0155e-03   (34,16,34)   3.8205e-03    14   9.90643e-04
720    4.500000e+00   1.0000e+00   1.0156e-03   (34,16,34)   3.6473e-03    14   9.90705e-04
730    4.562500e+00   1.0000e+00   1.0158e-03   (34,16,34)   3.4817e-03    14   9.90763e-04
740    4.625000e+00   1.0000e+00   1.0159e-03   (34,16,34)   3.3235e-03    14   9.90819e-04
750    4.687500e+00   1.0000e+00   1.0160e-03   (34,16,34)   3.1722e-03    14   9.90872e-04
760    4.750000e+00   1.0000e+00   1.0161e-03   (34,16,34)   3.0276e-03    14   9.90922e-04
770    4.812500e+00   1.0000e+00   1.0163e-03   (34,16,34)   2.8894e-03    14   9.90970e-04
780    4.875000e+00   1.0000e+00   1.0164e-03   (34,16,34)   2.7574e-03    14   9.91016e-04
790    4.937500e+00   1.0000e+00   1.0165e-03   (34,16,34)   2.6312e-03    14   9.91060e-04
800    5.000000e+00   1.0000e+00   1.0166e-03   (34,16,34)   2.5107e-03    14   9.91102e-04
810    5.062500e+00   1.0000e+00   1.0167e-03   (34,16,34)   2.3955e-03    14   9.91142e-04
820    5.125000e+00   1.0000e+00   1.0168e-03   (34,16,34)   2.2855e-03    14   9.91180e-04
830    5.187500e+00   1.0000e+00   1.0168e-03   (34,16,34)   2.1805e-03    14   9.91217e-04
840    5.250000e+00   1.0000e+00   1.0169e-03   (34,16,34)   2.0802e-03    14   9.91252e-04
850    5.312500e+00   1.0000e+00   1.0170e-03   (34,16,34)   1.9844e-03    14   9.91285e-04
860    5.375000e+00   1.0000e+00   1.0171e-03   (34,16,34)   1.8929e-03    14   9.91317e-04
870    5.437500e+00   1.0000e+00   1.0172e-03   (34,16,34)   1.8056e-03    14   9.91348e-04
880    5.500000e+00   1.0000e+00   1.0172e-03   (34,16,34)   1.7222e-03    14   9.91377e-04
890    5.562500e+00   1.0000e+00   1.0173e-03   (34,16,34)   1.6426e-03    14   9.91405e-04
900    5.625000e+00   1.0000e+00   1.0173e-03   (34,16,34)   1.5667e-03    14   9.91432e-04
910    5.687500e+00   1.0000e+00   1.0174e-03   (34,16,34)   1.4942e-03    14   9.91457e-04
920    5.750000e+00   1.0000e+00   1.0175e-03   (34,16,34)   1.4249e-03    14   9.91482e-04
930    5.812500e+00   1.0000e+00   1.0175e-03   (34,16,34)   1.3589e-03    14   9.91505e-04
940    5.875000e+00   1.0000e+00   1.0176e-03   (34,16,34)   1.2959e-03    14   9.91528e-04
950    5.937500e+00   1.0000e+00   1.0176e-03   (34,16,34)   1.2357e-03    14   9.91549e-04
960    6.000000e+00   1.0000e+00   1.0177e-03   (34,16,34)   1.1784e-03    14   9.91570e-04
970    6.062500e+00   1.0000e+00   1.0177e-03   (34,16,34)   1.1236e-03    14   9.91589e-04
980    6.125000e+00   1.0000e+00   1.0178e-03   (34,16,34)   1.0714e-03    14   9.91608e-04
990    6.187500e+00   1.0000e+00   1.0178e-03   (34,16,34)   1.0216e-03    14   9.91626e-04
1000   6.250000e+00   1.0000e+00   1.0178e-03   (34,16,34)   9.7403e-04    14   9.91643e-04
1010   6.312500e+00   1.0000e+00   1.0179e-03   (34,16,34)   9.2869e-04    14   9.91659e-04
1020   6.375000e+00   1.0000e+00   1.0179e-03   (34,16,34)   8.8545e-04    14   9.91675e-04
1030   6.437500e+00   1.0000e+00   1.0179e-03   (34,16,34)   8.4420e-04    14   9.91689e-04
1040   6.500000e+00   1.0000e+00   1.0180e-03   (34,16,34)   8.0485e-04    14   9.91704e-04
1050   6.562500e+00   1.0000e+00   1.0180e-03   (34,16,34)   7.6733e-04    14   9.91717e-04
1060   6.625000e+00   1.0000e+00   1.0180e-03   (34,16,34)   7.3155e-04    14   9.91730e-04
1070   6.687500e+00   1.0000e+00   1.0181e-03   (34,16,34)   6.9742e-04    14   9.91743e-04
1080   6.750000e+00   1.0000e+00   1.0181e-03   (34,16,34)   6.6488e-04    14   9.91754e-04
1090   6.812500e+00   1.0000e+00   1.0181e-03   (34,16,34)   6.3385e-04    14   9.91766e-04
1100   6.875000e+00   1.0000e+00   1.0181e-03   (34,16,34)   6.0426e-04    14   9.91777e-04
1110   6.937500e+00   1.0000e+00   1.0182e-03   (34,16,34)   5.7604e-04    14   9.91787e-04
1120   7.000000e+00   1.0000e+00   1.0182e-03   (34,16,34)   5.4914e-04    14   9.91797e-04
1130   7.062500e+00   1.0000e+00   1.0182e-03   (34,16,34)   5.2348e-04    14   9.91806e-04
1140   7.125000e+00   1.0000e+00   1.0182e-03   (34,16,34)   4.9903e-04    14   9.91815e-04
1150   7.187500e+00   1.0000e+00   1.0182e-03   (34,16,34)   4.7571e-04    14   9.91824e-04
1160   7.250000e+00   1.0000e+00   1.0183e-03   (34,16,34)   4.5347e-04    14   9.91832e-04
1170   7.312500e+00   1.0000e+00   1.0183e-03   (34,16,34)   4.3227e-04    14   9.91840e-04
1180   7.375000e+00   1.0000e+00   1.0183e-03   (34,16,34)   4.1206e-04    14   9.91847e-04
1190   7.437500e+00   1.0000e+00   1.0183e-03   (34,16,34)   3.9280e-04    14   9.91854e-04
1200   7.500000e+00   1.0000e+00   1.0183e-03   (34,16,34)   3.7443e-04    14   9.91861e-04
1210   7.562500e+00   1.0000e+00   1.0183e-03   (34,16,34)   3.5692e-04    14   9.91867e-04
1220   7.625000e+00   1.0000e+00   1.0183e-03   (34,16,34)   3.4022e-04    14   9.91874e-04
1230   7.687500e+00   1.0000e+00   1.0184e-03   (34,16,34)   3.2431e-04    14   9.91879e-04
1240   7.750000e+00   1.0000e+00   1.0184e-03   (34,16,34)   3.0914e-04    14   9.91885e-04
1250   7.812500e+00   1.0000e+00   1.0184e-03   (34,16,34)   2.9468e-04    14   9.91890e-04
1260   7.875000e+00   1.0000e+00   1.0184e-03   (34,16,34)   2.8089e-04    14   9.91896e-04
1270   7.937500e+00   1.0000e+00   1.0184e-03   (34,16,34)   2.6775e-04    14   9.91900e-04
1280   8.000000e+00   1.0000e+00   1.0184e-03   (34,16,34)   2.5522e-04    14   9.91905e-04
1290   8.062500e+00   1.0000e+00   1.0184e-03   (34,16,34)   2.4328e-04    14   9.91910e-04
1300   8.125000e+00   1.0000e+00   1.0184e-03   (34,16,34)   2.3189e-04    14   9.91914e-04
1310   8.187500e+00   1.0000e+00   1.0184e-03   (34,16,34)   2.2104e-04    14   9.91918e-04
1320   8.250000e+00   1.0000e+00   1.0185e-03   (34,16,34)   2.1070e-04    14   9.91922e-04
1330   8.312500e+00   1.0000e+00   1.0185e-03   (34,16,34)   2.0084e-04    14   9.91925e-04
1340   8.375000e+00   1.0000e+00   1.0185e-03   (34,16,34)   1.9144e-04    14   9.91929e-04
1350   8.437500e+00   1.0000e+00   1.0185e-03   (34,16,34)   1.8248e-04    14   9.91932e-04
1360   8.500000e+00   1.0000e+00   1.0185e-03   (34,16,34)   1.7394e-04    14   9.91935e-04
1370   8.562500e+00   1.0000e+00   1.0185e-03   (34,16,34)   1.6580e-04    14   9.91938e-04
1380   8.625000e+00   1.0000e+00   1.0185e-03   (34,16,34)   1.5804e-04    14   9.91941e-04
1390   8.687500e+00   1.0000e+00   1.0185e-03   (34,16,34)   1.5065e-04    14   9.91944e-04
1400   8.750000e+00   1.0000e+00   1.0185e-03   (34,16,34)   1.4360e-04    14   9.91947e-04
1410   8.812500e+00   1.0000e+00   1.0185e-03   (34,16,34)   1.3688e-04    14   9.91949e-04
1420   8.875000e+00   1.0000e+00   1.0185e-03   (34,16,34)   1.3047e-04    14   9.91952e-04
1430   8.937500e+00   1.0000e+00   1.0185e-03   (34,16,34)   1.2437e-04    14   9.91954e-04
1440   9.000000e+00   1.0000e+00   1.0185e-03   (34,16,34)   1.1855e-04    14   9.91956e-04
1450   9.062500e+00   1.0000e+00   1.0185e-03   (34,16,34)   1.1300e-04    14   9.91958e-04
1460   9.125000e+00   1.0000e+00   1.0185e-03   (34,16,34)   1.0771e-04    14   9.91960e-04
1470   9.187500e+00   1.0000e+00   1.0185e-03   (34,16,34)   1.0267e-04    14   9.91962e-04
1480   9.250000e+00   1.0000e+00   1.0185e-03   (34,16,34)   9.7868e-05    14   9.91964e-04
1490   9.312500e+00   1.0000e+00   1.0185e-03   (34,16,34)   9.3289e-05    14   9.91966e-04
1500   9.375000e+00   1.0000e+00   1.0185e-03   (34,16,34)   8.8924e-05    14   9.91967e-04
1510   9.437500e+00   1.0000e+00   1.0185e-03   (34,16,34)   8.4763e-05    14   9.91969e-04
1520   9.500000e+00   1.0000e+00   1.0186e-03   (34,16,34)   8.0798e-05    14   9.91970e-04
1530   9.562500e+00   1.0000e+00   1.0186e-03   (34,16,34)   7.7018e-05    14   9.91972e-04
1540   9.625000e+00   1.0000e+00   1.0186e-03   (34,16,34)   7.3415e-05    14   9.91973e-04
1550   9.687500e+00   1.0000e+00   1.0186e-03   (34,16,34)   6.9980e-05    14   9.91974e-04
1560   9.750000e+00   1.0000e+00   1.0186e-03   (34,16,34)   6.6707e-05    14   9.91976e-04
1570   9.812500e+00   1.0000e+00   1.0186e-03   (34,16,34)   6.3586e-05    14   9.91977e-04
1580   9.875000e+00   1.0000e+00   1.0186e-03   (34,16,34)   6.0612e-05    14   9.91978e-04
1590   9.937500e+00   1.0000e+00   1.0186e-03   (34,16,34)   5.7777e-05    14   9.91979e-04
1600   1.000000e+01   1.0000e+00   1.0186e-03   (34,16,34)   5.5074e-05    14   9.91980e-04
1610   1.006250e+01   1.0000e+00   1.0186e-03   (34,16,34)   5.2498e-05    14   9.91981e-04
1620   1.012500e+01   1.0000e+00   1.0186e-03   (34,16,34)   5.0043e-05    14   9.91982e-04
1630   1.018750e+01   1.0000e+00   1.0186e-03   (34,16,34)   4.7702e-05    14   9.91983e-04
1640   1.025000e+01   1.0000e+00   1.0186e-03   (34,16,34)   4.5471e-05    14   9.91983e-04
1650   1.031250e+01   1.0000e+00   1.0186e-03   (34,16,34)   4.3345e-05    14   9.91984e-04
1660   1.037500e+01   1.0000e+00   1.0186e-03   (34,16,34)   4.1318e-05    14   9.91985e-04
1670   1.043750e+01   1.0000e+00   1.0186e-03   (34,16,34)   3.9386e-05    14   9.91986e-04
1680   1.050000e+01   1.0000e+00   1.0186e-03   (34,16,34)   3.7544e-05    14   9.91986e-04
1690   1.056250e+01   1.0000e+00   1.0186e-03   (34,16,34)   3.5788e-05    14   9.91987e-04
1700   1.062500e+01   1.0000e+00   1.0186e-03   (34,16,34)   3.4115e-05    14   9.91988e-04
1710   1.068750e+01   1.0000e+00   1.0186e-03   (34,16,34)   3.2520e-05    14   9.91988e-04
1720   1.075000e+01   1.0000e+00   1.0186e-03   (34,16,34)   3.0999e-05    14   9.91989e-04
1730   1.081250e+01   1.0000e+00   1.0186e-03   (34,16,34)   2.9550e-05    14   9.91989e-04
1740   1.087500e+01   1.0000e+00   1.0186e-03   (34,16,34)   2.8168e-05    14   9.91990e-04
1750   1.093750e+01   1.0000e+00   1.0186e-03   (34,16,34)   2.6851e-05    14   9.91990e-04
1760   1.100000e+01   1.0000e+00   1.0186e-03   (34,16,34)   2.5596e-05    14   9.91991e-04
1770   1.106250e+01   1.0000e+00   1.0186e-03   (34,16,34)   2.4400e-05    14   9.91991e-04
1780   1.112500e+01   1.0000e+00   1.0186e-03   (34,16,34)   2.3259e-05    14   9.91992e-04
1790   1.118750e+01   1.0000e+00   1.0186e-03   (34,16,34)   2.2172e-05    14   9.91992e-04
1800   1.125000e+01   1.0000e+00   1.0186e-03   (34,16,34)   2.1135e-05    14   9.91993e-04
1810   1.131250e+01   1.0000e+00   1.0186e-03   (34,16,34)   2.0147e-05    14   9.91993e-04
1820   1.137500e+01   1.0000e+00   1.0186e-03   (34,16,34)   1.9205e-05    14   9.91993e-04
1830   1.143750e+01   1.0000e+00   1.0186e-03   (34,16,34)   1.8308e-05    14   9.91994e-04
1840   1.150000e+01   1.0000e+00   1.0186e-03   (34,16,34)   1.7452e-05    14   9.91994e-04
1850   1.156250e+01   1.0000e+00   1.0186e-03   (34,16,34)   1.6636e-05    14   9.91994e-04
1860   1.162500e+01   1.0000e+00   1.0186e-03   (34,16,34)   1.5859e-05    14   9.91995e-04
1870   1.168750e+01   1.0000e+00   1.0186e-03   (34,16,34)   1.5118e-05    14   9.91995e-04
1880   1.175000e+01   1.0000e+00   1.0186e-03   (34,16,34)   1.4411e-05    14   9.91995e-04
1890   1.181250e+01   1.0000e+00   1.0186e-03   (34,16,34)   1.3738e-05    14   9.91995e-04
1900   1.187500e+01   1.0000e+00   1.0186e-03   (34,16,34)   1.3096e-05    14   9.91996e-04
1910   1.193750e+01   1.0000e+00   1.0186e-03   (34,16,34)   1.2483e-05    14   9.91996e-04
1920   1.200000e+01   1.0000e+00   1.0186e-03   (34,16,34)   1.1900e-05    14   9.91996e-04
1930   1.206250e+01   1.0000e+00   1.0186e-03   (34,16,34)   1.1344e-05    14   9.91996e-04
1940   1.212500e+01   1.0000e+00   1.0186e-03   (34,16,34)   1.0814e-05    14   9.91997e-04
1950   1.218750e+01   1.0000e+00   1.0186e-03   (34,16,34)   1.0309e-05    14   9.91997e-04
1960   1.225000e+01   1.0000e+00   1.0186e-03   (34,16,34)   9.8268e-06    14   9.91997e-04
1970   1.231250e+01   1.0000e+00   1.0186e-03   (34,16,34)   9.3676e-06    14   9.91997e-04
1980   1.237500e+01   1.0000e+00   1.0186e-03   (34,16,34)   8.9299e-06    14   9.91997e-04
1990   1.243750e+01   1.0000e+00   1.0186e-03   (34,16,34)   8.5126e-06    14   9.91997e-04
2000   1.250000e+01   1.0000e+00   1.0186e-03   (34,16,34)   8.1149e-06    14   9.91998e-04
