step           time         Umax       divMax   Loc(i,j,k)           dU  ItrP          ResP
1      6.250000e-03   1.0000e+00   5.1417e-05    (3,34,34)   3.5998e+00   752   9.95098e-04
10     6.250000e-02   1.0000e+00   5.3406e-04   (34,16,34)   9.1562e-01   171   9.94246e-04
20     1.250000e-01   1.0000e+00   1.0349e-03    (4,31,33)   4.7478e-01    28   9.99609e-04
30     1.875000e-01   1.0000e+00   1.2252e-03    (4,33,33)   3.2408e-01    19   9.55719e-04
40     2.500000e-01   1.0000e+00   1.2711e-03    (34,4,34)   2.4609e-01    18   9.49552e-04
50     3.125000e-01   1.0000e+00   1.3046e-03    (34,4,34)   1.9814e-01    18   9.43275e-04
60     3.750000e-01   1.0000e+00   1.3341e-03    (34,4,34)   1.6564e-01    18   9.54568e-04
70     4.375000e-01   1.0000e+00   1.3588e-03    (34,4,34)   1.4215e-01    18   9.69217e-04
80     5.000000e-01   1.0000e+00   1.3813e-03    (34,6,34)   1.2436e-01    18   9.82662e-04
90     5.625000e-01   1.0000e+00   1.4088e-03    (34,6,34)   1.1033e-01    18   9.97366e-04
100    6.250000e-01   1.0000e+00   1.2737e-03   (34,24,34)   9.8998e-02    19   9.00388e-04
110    6.875000e-01   1.0000e+00   1.3091e-03   (34,24,34)   8.9610e-02    19   9.13448e-04
120    7.500000e-01   1.0000e+00   1.3560e-03   (34,22,34)   8.1690e-02    19   9.36813e-04
130    8.125000e-01   1.0000e+00   1.3956e-03   (34,22,34)   7.4871e-02    19   9.58302e-04
140    8.750000e-01   1.0000e+00   1.4303e-03   (34,22,34)   6.8942e-02    19   9.78228e-04
150    9.375000e-01   1.0000e+00   1.4615e-03   (34,22,34)   6.3750e-02    19   9.96657e-04
160    1.000000e+00   1.0000e+00   1.3235e-03   (34,22,34)   5.9157e-02    20   9.01313e-04
170    1.062500e+00   1.0000e+00   1.3478e-03   (34,22,34)   5.5039e-02    20   9.16835e-04
180    1.125000e+00   1.0000e+00   1.3688e-03   (34,22,34)   5.1329e-02    20   9.30586e-04
190    1.187500e+00   1.0000e+00   1.3870e-03   (34,22,34)   4.7978e-02    20   9.42739e-04
200    1.250000e+00   1.0000e+00   1.4030e-03   (34,22,34)   4.4951e-02    20   9.53704e-04
210    1.312500e+00   1.0000e+00   1.4173e-03   (34,22,34)   4.2210e-02    20   9.63652e-04
220    1.375000e+00   1.0000e+00   1.4300e-03   (34,22,34)   3.9707e-02    20   9.72666e-04
230    1.437500e+00   1.0000e+00   1.4413e-03   (34,22,34)   3.7412e-02    20   9.80845e-04
240    1.500000e+00   1.0000e+00   1.4513e-03   (34,22,34)   3.5305e-02    20   9.88264e-04
250    1.562500e+00   1.0000e+00   1.4603e-03   (34,22,34)   3.3365e-02    20   9.94954e-04
260    1.625000e+00   1.0000e+00   1.3205e-03   (34,22,34)   3.1568e-02    21   8.99633e-04
270    1.687500e+00   1.0000e+00   1.3290e-03   (34,22,34)   2.9901e-02    21   9.06687e-04
280    1.750000e+00   1.0000e+00   1.3351e-03   (34,22,34)   2.8351e-02    21   9.11512e-04
290    1.812500e+00   1.0000e+00   1.3407e-03   (34,22,34)   2.6906e-02    21   9.15829e-04
300    1.875000e+00   1.0000e+00   1.3457e-03   (34,22,34)   2.5554e-02    21   9.19691e-04
310    1.937500e+00   1.0000e+00   1.3502e-03   (34,22,34)   2.4286e-02    21   9.23149e-04
320    2.000000e+00   1.0000e+00   1.3542e-03   (34,22,34)   2.3096e-02    21   9.26249e-04
330    2.062500e+00   1.0000e+00   1.3579e-03   (34,22,34)   2.1979e-02    21   9.29029e-04
340    2.125000e+00   1.0000e+00   1.3612e-03   (34,22,34)   2.0927e-02    21   9.31518e-04
350    2.187500e+00   1.0000e+00   1.3642e-03   (34,22,34)   1.9938e-02    21   9.33815e-04
360    2.250000e+00   1.0000e+00   1.3669e-03   (34,22,34)   1.9005e-02    21   9.35856e-04
370    2.312500e+00   1.0000e+00   1.3694e-03   (34,22,34)   1.8124e-02    21   9.37684e-04
380    2.375000e+00   1.0000e+00   1.3717e-03   (34,22,34)   1.7290e-02    21   9.39316e-04
390    2.437500e+00   1.0000e+00   1.3738e-03   (34,22,34)   1.6499e-02    21   9.40773e-04
400    2.500000e+00   1.0000e+00   1.3757e-03   (34,22,34)   1.5749e-02    21   9.42075e-04
410    2.562500e+00   1.0000e+00   1.3775e-03   (34,22,34)   1.5035e-02    21   9.43241e-04
420    2.625000e+00   1.0000e+00   1.3791e-03   (34,22,34)   1.4357e-02    21   9.44285e-04
430    2.687500e+00   1.0000e+00   1.3806e-03   (34,22,34)   1.3712e-02    21   9.45221e-04
440    2.750000e+00   1.0000e+00   1.3819e-03   (34,22,34)   1.3098e-02    21   9.46059e-04
450    2.812500e+00   1.0000e+00   1.3831e-03   (34,22,34)   1.2512e-02    21   9.46809e-04
460    2.875000e+00   1.0000e+00   1.3843e-03   (34,22,34)   1.1955e-02    21   9.47482e-04
470    2.937500e+00   1.0000e+00   1.3853e-03   (34,22,34)   1.1423e-02    21   9.48084e-04
480    3.000000e+00   1.0000e+00   1.3863e-03   (34,22,34)   1.0916e-02    21   9.48625e-04
490    3.062500e+00   1.0000e+00   1.3872e-03   (34,22,34)   1.0432e-02    21   9.49112e-04
500    3.125000e+00   1.0000e+00   1.3880e-03   (34,22,34)   9.9695e-03    21   9.49550e-04
510    3.187500e+00   1.0000e+00   1.3888e-03   (34,22,34)   9.5281e-03    21   9.49947e-04
520    3.250000e+00   1.0000e+00   1.3895e-03   (34,22,34)   9.1064e-03    21   9.50306e-04
530    3.312500e+00   1.0000e+00   1.3902e-03   (34,22,34)   8.7033e-03    21   9.50632e-04
540    3.375000e+00   1.0000e+00   1.3908e-03   (34,22,34)   8.3181e-03    21   9.50930e-04
550    3.437500e+00   1.0000e+00   1.3914e-03   (34,22,34)   7.9497e-03    21   9.51202e-04
560    3.500000e+00   1.0000e+00   1.3920e-03   (34,22,34)   7.5974e-03    21   9.51452e-04
570    3.562500e+00   1.0000e+00   1.3925e-03   (34,22,34)   7.2604e-03    21   9.51681e-04
580    3.625000e+00   1.0000e+00   1.3930e-03   (34,22,34)   6.9380e-03    21   9.51892e-04
590    3.687500e+00   1.0000e+00   1.3934e-03   (34,22,34)   6.6296e-03    21   9.52087e-04
600    3.750000e+00   1.0000e+00   1.3939e-03   (34,22,34)   6.3345e-03    21   9.52268e-04
610    3.812500e+00   1.0000e+00   1.3943e-03   (34,22,34)   6.0521e-03    21   9.52435e-04
620    3.875000e+00   1.0000e+00   1.3947e-03   (34,22,34)   5.7819e-03    21   9.52591e-04
630    3.937500e+00   1.0000e+00   1.3950e-03   (34,22,34)   5.5234e-03    21   9.52736e-04
640    4.000000e+00   1.0000e+00   1.3954e-03   (34,22,34)   5.2760e-03    21   9.52871e-04
650    4.062500e+00   1.0000e+00   1.3957e-03   (34,22,34)   5.0394e-03    21   9.52997e-04
660    4.125000e+00   1.0000e+00   1.3960e-03   (34,22,34)   4.8130e-03    21   9.53115e-04
670    4.187500e+00   1.0000e+00   1.3963e-03   (34,22,34)   4.5965e-03    21   9.53226e-04
680    4.250000e+00   1.0000e+00   1.3966e-03   (34,22,34)   4.3893e-03    21   9.53330e-04
690    4.312500e+00   1.0000e+00   1.3969e-03   (34,22,34)   4.1913e-03    21   9.53427e-04
700    4.375000e+00   1.0000e+00   1.3972e-03   (34,22,34)   4.0018e-03    21   9.53518e-04
710    4.437500e+00   1.0000e+00   1.3974e-03   (34,22,34)   3.8207e-03    21   9.53604e-04
720    4.500000e+00   1.0000e+00   1.3976e-03   (34,22,34)   3.6475e-03    21   9.53685e-04
730    4.562500e+00   1.0000e+00   1.3978e-03   (34,22,34)   3.4819e-03    21   9.53762e-04
740    4.625000e+00   1.0000e+00   1.3981e-03   (34,22,34)   3.3236e-03    21   9.53834e-04
750    4.687500e+00   1.0000e+00   1.3983e-03   (34,22,34)   3.1723e-03    21   9.53902e-04
760    4.750000e+00   1.0000e+00   1.3985e-03   (34,22,34)   3.0277e-03    21   9.53967e-04
770    4.812500e+00   1.0000e+00   1.3986e-03   (34,22,34)   2.8895e-03    21   9.54028e-04
780    4.875000e+00   1.0000e+00   1.3988e-03   (34,22,34)   2.7575e-03    21   9.54085e-04
790    4.937500e+00   1.0000e+00   1.3990e-03   (34,22,34)   2.6313e-03    21   9.54140e-04
800    5.000000e+00   1.0000e+00   1.3991e-03   (34,22,34)   2.5108e-03    21   9.54192e-04
810    5.062500e+00   1.0000e+00   1.3993e-03   (34,22,34)   2.3956e-03    21   9.54241e-04
820    5.125000e+00   1.0000e+00   1.3994e-03   (34,22,34)   2.2857e-03    21   9.54288e-04
830    5.187500e+00   1.0000e+00   1.3996e-03   (34,22,34)   2.1806e-03    21   9.54332e-04
840    5.250000e+00   1.0000e+00   1.3997e-03   (34,22,34)   2.0803e-03    21   9.54374e-04
850    5.312500e+00   1.0000e+00   1.3998e-03   (34,22,34)   1.9845e-03    21   9.54414e-04
860    5.375000e+00   1.0000e+00   1.3999e-03   (34,22,34)   1.8930e-03    21   9.54452e-04
870    5.437500e+00   1.0000e+00   1.4000e-03   (34,22,34)   1.8057e-03    21   9.54489e-04
880    5.500000e+00   1.0000e+00   1.4001e-03   (34,22,34)   1.7223e-03    21   9.54523e-04
890    5.562500e+00   1.0000e+00   1.4003e-03   (34,22,34)   1.6427e-03    21   9.54556e-04
900    5.625000e+00   1.0000e+00   1.4003e-03   (34,22,34)   1.5667e-03    21   9.54587e-04
910    5.687500e+00   1.0000e+00   1.4004e-03   (34,22,34)   1.4942e-03    21   9.54617e-04
920    5.750000e+00   1.0000e+00   1.4005e-03   (34,22,34)   1.4250e-03    21   9.54645e-04
930    5.812500e+00   1.0000e+00   1.4006e-03   (34,22,34)   1.3590e-03    21   9.54672e-04
940    5.875000e+00   1.0000e+00   1.4007e-03   (34,22,34)   1.2959e-03    21   9.54697e-04
950    5.937500e+00   1.0000e+00   1.4008e-03   (34,22,34)   1.2358e-03    21   9.54722e-04
960    6.000000e+00   1.0000e+00   1.4008e-03   (34,22,34)   1.1784e-03    21   9.54745e-04
970    6.062500e+00   1.0000e+00   1.4009e-03   (34,22,34)   1.1237e-03    21   9.54767e-04
980    6.125000e+00   1.0000e+00   1.4010e-03   (34,22,34)   1.0714e-03    21   9.54788e-04
990    6.187500e+00   1.0000e+00   1.4010e-03   (34,22,34)   1.0216e-03    21   9.54809e-04
1000   6.250000e+00   1.0000e+00   1.4011e-03   (34,22,34)   9.7408e-04    21   9.54828e-04
1010   6.312500e+00   1.0000e+00   1.4012e-03   (34,22,34)   9.2874e-04    21   9.54846e-04
1020   6.375000e+00   1.0000e+00   1.4012e-03   (34,22,34)   8.8549e-04    21   9.54863e-04
1030   6.437500e+00   1.0000e+00   1.4013e-03   (34,22,34)   8.4424e-04    21   9.54880e-04
1040   6.500000e+00   1.0000e+00   1.4013e-03   (34,22,34)   8.0490e-04    21   9.54896e-04
1050   6.562500e+00   1.0000e+00   1.4014e-03   (34,22,34)   7.6737e-04    21   9.54911e-04
1060   6.625000e+00   1.0000e+00   1.4014e-03   (34,22,34)   7.3159e-04    21   9.54925e-04
1070   6.687500e+00   1.0000e+00   1.4014e-03   (34,22,34)   6.9746e-04    21   9.54939e-04
1080   6.750000e+00   1.0000e+00   1.4015e-03   (34,22,34)   6.6492e-04    21   9.54952e-04
1090   6.812500e+00   1.0000e+00   1.4015e-03   (34,22,34)   6.3388e-04    21   9.54965e-04
1100   6.875000e+00   1.0000e+00   1.4016e-03   (34,22,34)   6.0429e-04    21   9.54977e-04
1110   6.937500e+00   1.0000e+00   1.4016e-03   (34,22,34)   5.7607e-04    21   9.54988e-04
1120   7.000000e+00   1.0000e+00   1.4016e-03   (34,22,34)   5.4917e-04    21   9.54999e-04
1130   7.062500e+00   1.0000e+00   1.4017e-03   (34,22,34)   5.2351e-04    21   9.55009e-04
1140   7.125000e+00   1.0000e+00   1.4017e-03   (34,22,34)   4.9905e-04    21   9.55019e-04
1150   7.187500e+00   1.0000e+00   1.4017e-03   (34,22,34)   4.7573e-04    21   9.55028e-04
1160   7.250000e+00   1.0000e+00   1.4017e-03   (34,22,34)   4.5350e-04    21   9.55037e-04
1170   7.312500e+00   1.0000e+00   1.4018e-03   (34,22,34)   4.3230e-04    21   9.55046e-04
1180   7.375000e+00   1.0000e+00   1.4018e-03   (34,22,34)   4.1209e-04    21   9.55054e-04
1190   7.437500e+00   1.0000e+00   1.4018e-03   (34,22,34)   3.9282e-04    21   9.55062e-04
1200   7.500000e+00   1.0000e+00   1.4018e-03   (34,22,34)   3.7445e-04    21   9.55069e-04
1210   7.562500e+00   1.0000e+00   1.4019e-03   (34,22,34)   3.5694e-04    21   9.55076e-04
1220   7.625000e+00   1.0000e+00   1.4019e-03   (34,22,34)   3.4024e-04    21   9.55083e-04
1230   7.687500e+00   1.0000e+00   1.4019e-03   (34,22,34)   3.2433e-04    21   9.55089e-04
1240   7.750000e+00   1.0000e+00   1.4019e-03   (34,22,34)   3.0916e-04    21   9.55096e-04
1250   7.812500e+00   1.0000e+00   1.4019e-03   (34,22,34)   2.9469e-04    21   9.55101e-04
1260   7.875000e+00   1.0000e+00   1.4020e-03   (34,22,34)   2.8091e-04    21   9.55107e-04
1270   7.937500e+00   1.0000e+00   1.4020e-03   (34,22,34)   2.6776e-04    21   9.55112e-04
1280   8.000000e+00   1.0000e+00   1.4020e-03   (34,22,34)   2.5523e-04    21   9.55117e-04
1290   8.062500e+00   1.0000e+00   1.4020e-03   (34,22,34)   2.4329e-04    21   9.55122e-04
1300   8.125000e+00   1.0000e+00   1.4020e-03   (34,22,34)   2.3191e-04    21   9.55127e-04
1310   8.187500e+00   1.0000e+00   1.4020e-03   (34,22,34)   2.2106e-04    21   9.55131e-04
1320   8.250000e+00   1.0000e+00   1.4020e-03   (34,22,34)   2.1071e-04    21   9.55135e-04
1330   8.312500e+00   1.0000e+00   1.4021e-03   (34,22,34)   2.0085e-04    21   9.55139e-04
1340   8.375000e+00   1.0000e+00   1.4021e-03   (34,22,34)   1.9145e-04    21   9.55143e-04
1350   8.437500e+00   1.0000e+00   1.4021e-03   (34,22,34)   1.8249e-04    21   9.55147e-04
1360   8.500000e+00   1.0000e+00   1.4021e-03   (34,22,34)   1.7395e-04    21   9.55150e-04
1370   8.562500e+00   1.0000e+00   1.4021e-03   (34,22,34)   1.6581e-04    21   9.55154e-04
1380   8.625000e+00   1.0000e+00   1.4021e-03   (34,22,34)   1.5805e-04    21   9.55157e-04
1390   8.687500e+00   1.0000e+00   1.4021e-03   (34,22,34)   1.5066e-04    21   9.55160e-04
1400   8.750000e+00   1.0000e+00   1.4021e-03   (34,22,34)   1.4360e-04    21   9.55163e-04
1410   8.812500e+00   1.0000e+00   1.4021e-03   (34,22,34)   1.3688e-04    21   9.55166e-04
1420   8.875000e+00   1.0000e+00   1.4021e-03   (34,22,34)   1.3048e-04    21   9.55168e-04
1430   8.937500e+00   1.0000e+00   1.4022e-03   (34,22,34)   1.2437e-04    21   9.55171e-04
1440   9.000000e+00   1.0000e+00   1.4022e-03   (34,22,34)   1.1855e-04    21   9.55173e-04
1450   9.062500e+00   1.0000e+00   1.4022e-03   (34,22,34)   1.1301e-04    21   9.55175e-04
1460   9.125000e+00   1.0000e+00   1.4022e-03   (34,22,34)   1.0772e-04    21   9.55177e-04
1470   9.187500e+00   1.0000e+00   1.4022e-03   (34,22,34)   1.0268e-04    21   9.55180e-04
1480   9.250000e+00   1.0000e+00   1.4022e-03   (34,22,34)   9.7873e-05    21   9.55182e-04
1490   9.312500e+00   1.0000e+00   1.4022e-03   (34,22,34)   9.3294e-05    21   9.55183e-04
1500   9.375000e+00   1.0000e+00   1.4022e-03   (34,22,34)   8.8929e-05    21   9.55185e-04
1510   9.437500e+00   1.0000e+00   1.4022e-03   (34,22,34)   8.4768e-05    21   9.55187e-04
1520   9.500000e+00   1.0000e+00   1.4022e-03   (34,22,34)   8.0802e-05    21   9.55189e-04
1530   9.562500e+00   1.0000e+00   1.4022e-03   (34,22,34)   7.7022e-05    21   9.55190e-04
1540   9.625000e+00   1.0000e+00   1.4022e-03   (34,22,34)   7.3419e-05    21   9.55192e-04
1550   9.687500e+00   1.0000e+00   1.4022e-03   (34,22,34)   6.9984e-05    21   9.55193e-04
1560   9.750000e+00   1.0000e+00   1.4022e-03   (34,22,34)   6.6710e-05    21   9.55194e-04
1570   9.812500e+00   1.0000e+00   1.4022e-03   (34,22,34)   6.3590e-05    21   9.55196e-04
1580   9.875000e+00   1.0000e+00   1.4022e-03   (34,22,34)   6.0615e-05    21   9.55197e-04
1590   9.937500e+00   1.0000e+00   1.4022e-03   (34,22,34)   5.7780e-05    21   9.55198e-04
1600   1.000000e+01   1.0000e+00   1.4022e-03   (34,22,34)   5.5077e-05    21   9.55199e-04
1610   1.006250e+01   1.0000e+00   1.4022e-03   (34,22,34)   5.2501e-05    21   9.55200e-04
1620   1.012500e+01   1.0000e+00   1.4022e-03   (34,22,34)   5.0046e-05    21   9.55201e-04
1630   1.018750e+01   1.0000e+00   1.4022e-03   (34,22,34)   4.7705e-05    21   9.55202e-04
1640   1.025000e+01   1.0000e+00   1.4022e-03   (34,22,34)   4.5474e-05    21   9.55203e-04
1650   1.031250e+01   1.0000e+00   1.4022e-03   (34,22,34)   4.3347e-05    21   9.55204e-04
1660   1.037500e+01   1.0000e+00   1.4023e-03   (34,22,34)   4.1320e-05    21   9.55205e-04
1670   1.043750e+01   1.0000e+00   1.4023e-03   (34,22,34)   3.9388e-05    21   9.55206e-04
1680   1.050000e+01   1.0000e+00   1.4023e-03   (34,22,34)   3.7546e-05    21   9.55206e-04
1690   1.056250e+01   1.0000e+00   1.4023e-03   (34,22,34)   3.5790e-05    21   9.55207e-04
1700   1.062500e+01   1.0000e+00   1.4023e-03   (34,22,34)   3.4117e-05    21   9.55208e-04
1710   1.068750e+01   1.0000e+00   1.4023e-03   (34,22,34)   3.2522e-05    21   9.55209e-04
1720   1.075000e+01   1.0000e+00   1.4023e-03   (34,22,34)   3.1001e-05    21   9.55209e-04
1730   1.081250e+01   1.0000e+00   1.4023e-03   (34,22,34)   2.9552e-05    21   9.55210e-04
1740   1.087500e+01   1.0000e+00   1.4023e-03   (34,22,34)   2.8170e-05    21   9.55210e-04
1750   1.093750e+01   1.0000e+00   1.4023e-03   (34,22,34)   2.6853e-05    21   9.55211e-04
1760   1.100000e+01   1.0000e+00   1.4023e-03   (34,22,34)   2.5598e-05    21   9.55211e-04
1770   1.106250e+01   1.0000e+00   1.4023e-03   (34,22,34)   2.4401e-05    21   9.55212e-04
1780   1.112500e+01   1.0000e+00   1.4023e-03   (34,22,34)   2.3260e-05    21   9.55212e-04
1790   1.118750e+01   1.0000e+00   1.4023e-03   (34,22,34)   2.2173e-05    21   9.55213e-04
1800   1.125000e+01   1.0000e+00   1.4023e-03   (34,22,34)   2.1136e-05    21   9.55213e-04
1810   1.131250e+01   1.0000e+00   1.4023e-03   (34,22,34)   2.0148e-05    21   9.55214e-04
1820   1.137500e+01   1.0000e+00   1.4023e-03   (34,22,34)   1.9207e-05    21   9.55214e-04
1830   1.143750e+01   1.0000e+00   1.4023e-03   (34,22,34)   1.8309e-05    21   9.55214e-04
1840   1.150000e+01   1.0000e+00   1.4023e-03   (34,22,34)   1.7453e-05    21   9.55215e-04
1850   1.156250e+01   1.0000e+00   1.4023e-03   (34,22,34)   1.6637e-05    21   9.55215e-04
1860   1.162500e+01   1.0000e+00   1.4023e-03   (34,22,34)   1.5860e-05    21   9.55215e-04
1870   1.168750e+01   1.0000e+00   1.4023e-03   (34,22,34)   1.5118e-05    21   9.55216e-04
1880   1.175000e+01   1.0000e+00   1.4023e-03   (34,22,34)   1.4412e-05    21   9.55216e-04
1890   1.181250e+01   1.0000e+00   1.4023e-03   (34,22,34)   1.3738e-05    21   9.55216e-04
1900   1.187500e+01   1.0000e+00   1.4023e-03   (34,22,34)   1.3096e-05    21   9.55217e-04
1910   1.193750e+01   1.0000e+00   1.4023e-03   (34,22,34)   1.2484e-05    21   9.55217e-04
1920   1.200000e+01   1.0000e+00   1.4023e-03   (34,22,34)   1.1901e-05    21   9.55217e-04
1930   1.206250e+01   1.0000e+00   1.4023e-03   (34,22,34)   1.1345e-05    21   9.55217e-04
1940   1.212500e+01   1.0000e+00   1.4023e-03   (34,22,34)   1.0814e-05    21   9.55218e-04
1950   1.218750e+01   1.0000e+00   1.4023e-03   (34,22,34)   1.0309e-05    21   9.55218e-04
1960   1.225000e+01   1.0000e+00   1.4023e-03   (34,22,34)   9.8274e-06    21   9.55218e-04
1970   1.231250e+01   1.0000e+00   1.4023e-03   (34,22,34)   9.3682e-06    21   9.55218e-04
1980   1.237500e+01   1.0000e+00   1.4023e-03   (34,22,34)   8.9304e-06    21   9.55218e-04
1990   1.243750e+01   1.0000e+00   1.4023e-03   (34,22,34)   8.5131e-06    21   9.55219e-04
2000   1.250000e+01   1.0000e+00   1.4023e-03   (34,22,34)   8.1153e-06    21   9.55219e-04
