step           time         Umax       divMax           dU  ItrP          ResP
1      6.250000e-03   1.0000e+00   1.0748e-01   2.3580e-01    18   6.71308e-06
10     6.250000e-02   1.0000e+00   7.3025e-01   2.0087e-01    22   8.40957e-06
20     1.250000e-01   1.0000e+00   1.1338e+00   1.7200e-01    24   9.77337e-06
30     1.875000e-01   1.0000e+00   1.4202e+00   1.4887e-01    26   9.50538e-06
40     2.500000e-01   1.0000e+00   1.6416e+00   1.3042e-01    28   9.68223e-06
50     3.125000e-01   1.0000e+00   1.8300e+00   1.1562e-01    30   9.60540e-06
60     3.750000e-01   1.0000e+00   1.9978e+00   1.0361e-01    32   9.11226e-06
70     4.375000e-01   1.0000e+00   2.1488e+00   9.3713e-02    33   9.73830e-06
80     5.000000e-01   1.0000e+00   2.2957e+00   8.5445e-02    35   9.03565e-06
90     5.625000e-01   1.0000e+00   2.4618e+00   7.8407e-02    36   9.30501e-06
100    6.250000e-01   1.0000e+00   2.6178e+00   7.2378e-02    37   9.40529e-06
110    6.875000e-01   1.0000e+00   2.7643e+00   6.7193e-02    38   9.50486e-06
120    7.500000e-01   1.0000e+00   2.9015e+00   6.2705e-02    39   9.42105e-06
130    8.125000e-01   1.0000e+00   3.0296e+00   5.8789e-02    40   9.26436e-06
140    8.750000e-01   1.0000e+00   3.1494e+00   5.5339e-02    40   9.82393e-06
150    9.375000e-01   1.0000e+00   3.2615e+00   5.2312e-02    41   9.56081e-06
160    1.000000e+00   1.0000e+00   3.3659e+00   4.9669e-02    42   9.23776e-06
170    1.062500e+00   1.0000e+00   3.4630e+00   4.7361e-02    42   9.64195e-06
180    1.125000e+00   1.0000e+00   3.5537e+00   4.5368e-02    43   9.25889e-06
190    1.187500e+00   1.0000e+00   3.6388e+00   4.3692e-02    43   9.58692e-06
200    1.250000e+00   1.0000e+00   3.7192e+00   4.2278e-02    43   9.87428e-06
210    1.312500e+00   1.0000e+00   3.7956e+00   4.1113e-02    44   9.44143e-06
220    1.375000e+00   1.0000e+00   3.8691e+00   4.0161e-02    44   9.68565e-06
230    1.437500e+00   1.0000e+00   3.9409e+00   3.9375e-02    44   9.96023e-06
240    1.500000e+00   1.0000e+00   4.0118e+00   3.8752e-02    45   9.49687e-06
250    1.562500e+00   1.0000e+00   4.0804e+00   3.8257e-02    45   9.70555e-06
260    1.625000e+00   1.0000e+00   4.1432e+00   3.7934e-02    45   9.90616e-06
270    1.687500e+00   1.0000e+00   4.2008e+00   3.7665e-02    46   9.46044e-06
280    1.750000e+00   1.0000e+00   4.2560e+00   3.7590e-02    46   9.63540e-06
290    1.812500e+00   1.0000e+00   4.3103e+00   3.7561e-02    46   9.79709e-06
300    1.875000e+00   1.0000e+00   4.3646e+00   3.7748e-02    46   9.98441e-06
310    1.937500e+00   1.0000e+00   4.4194e+00   3.7883e-02    47   9.47671e-06
320    2.000000e+00   1.0000e+00   4.4752e+00   3.8246e-02    47   9.60122e-06
330    2.062500e+00   1.0000e+00   4.5328e+00   3.8567e-02    47   9.71145e-06
340    2.125000e+00   1.0000e+00   4.5919e+00   3.9142e-02    47   9.80884e-06
350    2.187500e+00   1.0000e+00   4.6514e+00   3.9543e-02    47   9.87588e-06
360    2.250000e+00   1.0000e+00   4.7102e+00   4.0175e-02    47   9.91575e-06
370    2.312500e+00   1.0000e+00   4.7678e+00   4.0581e-02    47   9.91990e-06
380    2.375000e+00   1.0000e+00   4.8230e+00   4.0940e-02    47   9.90012e-06
390    2.437500e+00   1.0000e+00   4.8753e+00   4.1135e-02    47   9.83932e-06
400    2.500000e+00   1.0000e+00   4.9224e+00   4.1160e-02    47   9.74904e-06
410    2.562500e+00   1.0000e+00   4.9628e+00   4.1265e-02    47   9.62643e-06
420    2.625000e+00   1.0000e+00   4.9931e+00   4.1071e-02    47   9.45292e-06
430    2.687500e+00   1.0000e+00   5.0085e+00   4.0724e-02    46   9.79518e-06
440    2.750000e+00   1.0000e+00   5.0067e+00   4.0130e-02    46   9.52625e-06
450    2.812500e+00   1.0000e+00   4.9925e+00   3.9467e-02    45   9.84871e-06
460    2.875000e+00   1.0000e+00   4.9682e+00   3.8472e-02    45   9.53091e-06
470    2.937500e+00   1.0000e+00   4.9362e+00   3.7417e-02    44   9.80776e-06
480    3.000000e+00   1.0000e+00   4.8967e+00   3.6120e-02    44   9.46529e-06
490    3.062500e+00   1.0000e+00   4.8641e+00   3.4671e-02    43   9.78326e-06
500    3.125000e+00   1.0000e+00   4.8395e+00   3.3136e-02    43   9.48849e-06
510    3.187500e+00   1.0000e+00   4.8171e+00   3.1777e-02    42   9.86915e-06
520    3.250000e+00   1.0000e+00   4.7935e+00   3.0506e-02    42   9.60657e-06
530    3.312500e+00   1.0000e+00   4.7685e+00   2.9278e-02    42   9.37309e-06
540    3.375000e+00   1.0000e+00   4.7461e+00   2.8017e-02    41   9.85352e-06
550    3.437500e+00   1.0000e+00   4.7261e+00   2.6885e-02    41   9.66936e-06
560    3.500000e+00   1.0000e+00   4.7063e+00   2.5837e-02    41   9.51721e-06
570    3.562500e+00   1.0000e+00   4.6846e+00   2.4771e-02    41   9.40431e-06
580    3.625000e+00   1.0000e+00   4.6597e+00   2.3670e-02    41   9.32103e-06
590    3.687500e+00   1.0000e+00   4.6313e+00   2.2534e-02    40   9.93171e-06
600    3.750000e+00   1.0000e+00   4.5998e+00   2.1379e-02    40   9.88687e-06
610    3.812500e+00   1.0000e+00   4.5662e+00   2.0240e-02    40   9.85892e-06
620    3.875000e+00   1.0000e+00   4.5326e+00   1.9126e-02    40   9.84331e-06
630    3.937500e+00   1.0000e+00   4.5012e+00   1.8045e-02    40   9.83687e-06
640    4.000000e+00   1.0000e+00   4.4733e+00   1.7008e-02    40   9.83778e-06
650    4.062500e+00   1.0000e+00   4.4496e+00   1.6019e-02    40   9.84462e-06
660    4.125000e+00   1.0000e+00   4.4298e+00   1.5083e-02    40   9.85564e-06
670    4.187500e+00   1.0000e+00   4.4137e+00   1.4214e-02    40   9.87015e-06
680    4.250000e+00   1.0000e+00   4.4009e+00   1.3413e-02    40   9.88687e-06
690    4.312500e+00   1.0000e+00   4.3906e+00   1.2685e-02    40   9.90479e-06
700    4.375000e+00   1.0000e+00   4.3818e+00   1.2030e-02    40   9.92472e-06
710    4.437500e+00   1.0000e+00   4.3743e+00   1.1443e-02    40   9.94600e-06
720    4.500000e+00   1.0000e+00   4.3676e+00   1.0915e-02    40   9.96821e-06
730    4.562500e+00   1.0000e+00   4.3615e+00   1.0447e-02    40   9.99165e-06
740    4.625000e+00   1.0000e+00   4.3561e+00   1.0028e-02    41   9.37448e-06
750    4.687500e+00   1.0000e+00   4.3515e+00   9.6537e-03    41   9.40344e-06
760    4.750000e+00   1.0000e+00   4.3477e+00   9.3195e-03    41   9.43318e-06
770    4.812500e+00   1.0000e+00   4.3448e+00   9.0209e-03    41   9.46349e-06
780    4.875000e+00   1.0000e+00   4.3429e+00   8.7533e-03    41   9.49400e-06
790    4.937500e+00   1.0000e+00   4.3420e+00   8.5119e-03    41   9.52428e-06
800    5.000000e+00   1.0000e+00   4.3419e+00   8.2929e-03    41   9.55389e-06
810    5.062500e+00   1.0000e+00   4.3428e+00   8.0924e-03    41   9.58234e-06
820    5.125000e+00   1.0000e+00   4.3444e+00   7.9073e-03    41   9.60927e-06
830    5.187500e+00   1.0000e+00   4.3468e+00   7.7345e-03    41   9.63438e-06
840    5.250000e+00   1.0000e+00   4.3498e+00   7.5712e-03    41   9.65748e-06
850    5.312500e+00   1.0000e+00   4.3532e+00   7.4147e-03    41   9.67846e-06
860    5.375000e+00   1.0000e+00   4.3570e+00   7.2633e-03    41   9.69730e-06
870    5.437500e+00   1.0000e+00   4.3609e+00   7.1153e-03    41   9.71406e-06
880    5.500000e+00   1.0000e+00   4.3649e+00   6.9699e-03    41   9.72884e-06
890    5.562500e+00   1.0000e+00   4.3688e+00   6.8268e-03    41   9.74177e-06
900    5.625000e+00   1.0000e+00   4.3727e+00   6.6860e-03    41   9.75297e-06
910    5.687500e+00   1.0000e+00   4.3763e+00   6.5477e-03    41   9.76257e-06
920    5.750000e+00   1.0000e+00   4.3798e+00   6.4121e-03    41   9.77071e-06
930    5.812500e+00   1.0000e+00   4.3830e+00   6.2797e-03    41   9.77754e-06
940    5.875000e+00   1.0000e+00   4.3860e+00   6.1510e-03    41   9.78319e-06
950    5.937500e+00   1.0000e+00   4.3888e+00   6.0264e-03    41   9.78782e-06
960    6.000000e+00   1.0000e+00   4.3912e+00   5.9062e-03    41   9.79158e-06
970    6.062500e+00   1.0000e+00   4.3935e+00   5.7908e-03    41   9.79458e-06
980    6.125000e+00   1.0000e+00   4.3955e+00   5.6803e-03    41   9.79697e-06
990    6.187500e+00   1.0000e+00   4.3972e+00   5.5747e-03    41   9.79887e-06
1000   6.250000e+00   1.0000e+00   4.3987e+00   5.4739e-03    41   9.80037e-06
1010   6.312500e+00   1.0000e+00   4.4001e+00   5.3780e-03    41   9.80158e-06
1020   6.375000e+00   1.0000e+00   4.4012e+00   5.2865e-03    41   9.80256e-06
1030   6.437500e+00   1.0000e+00   4.4021e+00   5.1993e-03    41   9.80341e-06
1040   6.500000e+00   1.0000e+00   4.4029e+00   5.1160e-03    41   9.80417e-06
1050   6.562500e+00   1.0000e+00   4.4036e+00   5.0364e-03    41   9.80490e-06
1060   6.625000e+00   1.0000e+00   4.4041e+00   4.9601e-03    41   9.80566e-06
1070   6.687500e+00   1.0000e+00   4.4044e+00   4.8868e-03    41   9.80647e-06
1080   6.750000e+00   1.0000e+00   4.4047e+00   4.8163e-03    41   9.80737e-06
1090   6.812500e+00   1.0000e+00   4.4049e+00   4.7483e-03    41   9.80837e-06
1100   6.875000e+00   1.0000e+00   4.4050e+00   4.6826e-03    41   9.80948e-06
1110   6.937500e+00   1.0000e+00   4.4051e+00   4.6191e-03    41   9.81073e-06
1120   7.000000e+00   1.0000e+00   4.4050e+00   4.5575e-03    41   9.81210e-06
1130   7.062500e+00   1.0000e+00   4.4050e+00   4.4977e-03    41   9.81360e-06
1140   7.125000e+00   1.0000e+00   4.4049e+00   4.4396e-03    41   9.81522e-06
1150   7.187500e+00   1.0000e+00   4.4048e+00   4.3832e-03    41   9.81696e-06
1160   7.250000e+00   1.0000e+00   4.4047e+00   4.3283e-03    41   9.81882e-06
1170   7.312500e+00   1.0000e+00   4.4046e+00   4.2749e-03    41   9.82078e-06
1180   7.375000e+00   1.0000e+00   4.4044e+00   4.2229e-03    41   9.82284e-06
1190   7.437500e+00   1.0000e+00   4.4043e+00   4.1723e-03    41   9.82499e-06
1200   7.500000e+00   1.0000e+00   4.4042e+00   4.1229e-03    41   9.82722e-06
1210   7.562500e+00   1.0000e+00   4.4041e+00   4.0748e-03    41   9.82953e-06
1220   7.625000e+00   1.0000e+00   4.4040e+00   4.0280e-03    41   9.83190e-06
1230   7.687500e+00   1.0000e+00   4.4039e+00   3.9823e-03    41   9.83434e-06
1240   7.750000e+00   1.0000e+00   4.4038e+00   3.9377e-03    41   9.83682e-06
1250   7.812500e+00   1.0000e+00   4.4038e+00   3.8942e-03    41   9.83936e-06
1260   7.875000e+00   1.0000e+00   4.4037e+00   3.8518e-03    41   9.84193e-06
1270   7.937500e+00   1.0000e+00   4.4037e+00   3.8104e-03    41   9.84454e-06
1280   8.000000e+00   1.0000e+00   4.4037e+00   3.7700e-03    41   9.84718e-06
1290   8.062500e+00   1.0000e+00   4.4037e+00   3.7305e-03    41   9.84985e-06
1300   8.125000e+00   1.0000e+00   4.4038e+00   3.6919e-03    41   9.85253e-06
1310   8.187500e+00   1.0000e+00   4.4038e+00   3.6541e-03    41   9.85524e-06
1320   8.250000e+00   1.0000e+00   4.4039e+00   3.6172e-03    41   9.85796e-06
1330   8.312500e+00   1.0000e+00   4.4040e+00   3.5811e-03    41   9.86068e-06
1340   8.375000e+00   1.0000e+00   4.4041e+00   3.5458e-03    41   9.86341e-06
1350   8.437500e+00   1.0000e+00   4.4042e+00   3.5112e-03    41   9.86615e-06
1360   8.500000e+00   1.0000e+00   4.4043e+00   3.4773e-03    41   9.86888e-06
1370   8.562500e+00   1.0000e+00   4.4044e+00   3.4441e-03    41   9.87160e-06
1380   8.625000e+00   1.0000e+00   4.4046e+00   3.4115e-03    41   9.87433e-06
1390   8.687500e+00   1.0000e+00   4.4048e+00   3.3796e-03    41   9.87704e-06
1400   8.750000e+00   1.0000e+00   4.4050e+00   3.3482e-03    41   9.87974e-06
1410   8.812500e+00   1.0000e+00   4.4052e+00   3.3175e-03    41   9.88244e-06
1420   8.875000e+00   1.0000e+00   4.4054e+00   3.2873e-03    41   9.88512e-06
1430   8.937500e+00   1.0000e+00   4.4056e+00   3.2576e-03    41   9.88778e-06
1440   9.000000e+00   1.0000e+00   4.4058e+00   3.2285e-03    41   9.89044e-06
1450   9.062500e+00   1.0000e+00   4.4060e+00   3.1999e-03    41   9.89307e-06
1460   9.125000e+00   1.0000e+00   4.4063e+00   3.1717e-03    41   9.89569e-06
1470   9.187500e+00   1.0000e+00   4.4065e+00   3.1440e-03    41   9.89830e-06
1480   9.250000e+00   1.0000e+00   4.4068e+00   3.1168e-03    41   9.90089e-06
1490   9.312500e+00   1.0000e+00   4.4070e+00   3.0900e-03    41   9.90347e-06
1500   9.375000e+00   1.0000e+00   4.4073e+00   3.0636e-03    41   9.90604e-06
1510   9.437500e+00   1.0000e+00   4.4076e+00   3.0377e-03    41   9.90859e-06
1520   9.500000e+00   1.0000e+00   4.4079e+00   3.0121e-03    41   9.91113e-06
1530   9.562500e+00   1.0000e+00   4.4081e+00   2.9869e-03    41   9.91366e-06
1540   9.625000e+00   1.0000e+00   4.4084e+00   2.9621e-03    41   9.91617e-06
1550   9.687500e+00   1.0000e+00   4.4087e+00   2.9376e-03    41   9.91867e-06
1560   9.750000e+00   1.0000e+00   4.4090e+00   2.9135e-03    41   9.92115e-06
1570   9.812500e+00   1.0000e+00   4.4093e+00   2.8897e-03    41   9.92362e-06
1580   9.875000e+00   1.0000e+00   4.4097e+00   2.8663e-03    41   9.92607e-06
1590   9.937500e+00   1.0000e+00   4.4100e+00   2.8432e-03    41   9.92850e-06
1600   1.000000e+01   1.0000e+00   4.4103e+00   2.8203e-03    41   9.93092e-06
1610   1.006250e+01   1.0000e+00   4.4106e+00   2.7978e-03    41   9.93332e-06
1620   1.012500e+01   1.0000e+00   4.4110e+00   2.7756e-03    41   9.93571e-06
1630   1.018750e+01   1.0000e+00   4.4113e+00   2.7537e-03    41   9.93808e-06
1640   1.025000e+01   1.0000e+00   4.4116e+00   2.7320e-03    41   9.94044e-06
1650   1.031250e+01   1.0000e+00   4.4120e+00   2.7106e-03    41   9.94278e-06
1660   1.037500e+01   1.0000e+00   4.4123e+00   2.6895e-03    41   9.94511e-06
1670   1.043750e+01   1.0000e+00   4.4127e+00   2.6687e-03    41   9.94743e-06
1680   1.050000e+01   1.0000e+00   4.4130e+00   2.6480e-03    41   9.94973e-06
1690   1.056250e+01   1.0000e+00   4.4134e+00   2.6277e-03    41   9.95202e-06
1700   1.062500e+01   1.0000e+00   4.4137e+00   2.6076e-03    41   9.95429e-06
1710   1.068750e+01   1.0000e+00   4.4141e+00   2.5877e-03    41   9.95656e-06
1720   1.075000e+01   1.0000e+00   4.4144e+00   2.5680e-03    41   9.95881e-06
1730   1.081250e+01   1.0000e+00   4.4148e+00   2.5486e-03    41   9.96105e-06
1740   1.087500e+01   1.0000e+00   4.4152e+00   2.5294e-03    41   9.96328e-06
1750   1.093750e+01   1.0000e+00   4.4155e+00   2.5104e-03    41   9.96549e-06
1760   1.100000e+01   1.0000e+00   4.4159e+00   2.4916e-03    41   9.96770e-06
1770   1.106250e+01   1.0000e+00   4.4163e+00   2.4730e-03    41   9.96990e-06
1780   1.112500e+01   1.0000e+00   4.4167e+00   2.4546e-03    41   9.97209e-06
1790   1.118750e+01   1.0000e+00   4.4171e+00   2.4364e-03    41   9.97427e-06
1800   1.125000e+01   1.0000e+00   4.4174e+00   2.4184e-03    41   9.97643e-06
1810   1.131250e+01   1.0000e+00   4.4178e+00   2.4006e-03    41   9.97859e-06
1820   1.137500e+01   1.0000e+00   4.4182e+00   2.3830e-03    41   9.98074e-06
1830   1.143750e+01   1.0000e+00   4.4186e+00   2.3655e-03    41   9.98288e-06
1840   1.150000e+01   1.0000e+00   4.4190e+00   2.3482e-03    41   9.98501e-06
1850   1.156250e+01   1.0000e+00   4.4194e+00   2.3312e-03    41   9.98714e-06
1860   1.162500e+01   1.0000e+00   4.4198e+00   2.3142e-03    41   9.98925e-06
1870   1.168750e+01   1.0000e+00   4.4202e+00   2.2975e-03    41   9.99136e-06
1880   1.175000e+01   1.0000e+00   4.4206e+00   2.2809e-03    41   9.99346e-06
1890   1.181250e+01   1.0000e+00   4.4210e+00   2.2646e-03    41   9.99556e-06
1900   1.187500e+01   1.0000e+00   4.4215e+00   2.2484e-03    42   9.44539e-06
1910   1.193750e+01   1.0000e+00   4.4219e+00   2.2324e-03    42   9.44814e-06
1920   1.200000e+01   1.0000e+00   4.4223e+00   2.2165e-03    42   9.45082e-06
1930   1.206250e+01   1.0000e+00   4.4227e+00   2.2006e-03    42   9.45348e-06
1940   1.212500e+01   1.0000e+00   4.4231e+00   2.1849e-03    42   9.45613e-06
1950   1.218750e+01   1.0000e+00   4.4236e+00   2.1693e-03    42   9.45876e-06
1960   1.225000e+01   1.0000e+00   4.4240e+00   2.1539e-03    42   9.46138e-06
1970   1.231250e+01   1.0000e+00   4.4244e+00   2.1387e-03    42   9.46399e-06
1980   1.237500e+01   1.0000e+00   4.4249e+00   2.1236e-03    42   9.46659e-06
1990   1.243750e+01   1.0000e+00   4.4253e+00   2.1086e-03    42   9.46917e-06
2000   1.250000e+01   1.0000e+00   4.4257e+00   2.0938e-03    42   9.47175e-06
2010   1.256250e+01   1.0000e+00   4.4262e+00   2.0791e-03    42   9.47432e-06
2020   1.262500e+01   1.0000e+00   4.4266e+00   2.0645e-03    42   9.47687e-06
2030   1.268750e+01   1.0000e+00   4.4271e+00   2.0501e-03    42   9.47942e-06
2040   1.275000e+01   1.0000e+00   4.4275e+00   2.0358e-03    42   9.48195e-06
2050   1.281250e+01   1.0000e+00   4.4280e+00   2.0216e-03    42   9.48448e-06
2060   1.287500e+01   1.0000e+00   4.4284e+00   2.0076e-03    42   9.48700e-06
2070   1.293750e+01   1.0000e+00   4.4289e+00   1.9936e-03    42   9.48950e-06
2080   1.300000e+01   1.0000e+00   4.4293e+00   1.9798e-03    42   9.49200e-06
2090   1.306250e+01   1.0000e+00   4.4298e+00   1.9661e-03    42   9.49449e-06
2100   1.312500e+01   1.0000e+00   4.4303e+00   1.9525e-03    42   9.49697e-06
2110   1.318750e+01   1.0000e+00   4.4307e+00   1.9391e-03    42   9.49944e-06
2120   1.325000e+01   1.0000e+00   4.4312e+00   1.9258e-03    42   9.50190e-06
2130   1.331250e+01   1.0000e+00   4.4317e+00   1.9125e-03    42   9.50436e-06
2140   1.337500e+01   1.0000e+00   4.4321e+00   1.8994e-03    42   9.50681e-06
2150   1.343750e+01   1.0000e+00   4.4326e+00   1.8864e-03    42   9.50925e-06
2160   1.350000e+01   1.0000e+00   4.4331e+00   1.8735e-03    42   9.51168e-06
2170   1.356250e+01   1.0000e+00   4.4335e+00   1.8607e-03    42   9.51411e-06
2180   1.362500e+01   1.0000e+00   4.4340e+00   1.8480e-03    42   9.51653e-06
2190   1.368750e+01   1.0000e+00   4.4345e+00   1.8354e-03    42   9.51894e-06
2200   1.375000e+01   1.0000e+00   4.4350e+00   1.8230e-03    42   9.52134e-06
2210   1.381250e+01   1.0000e+00   4.4355e+00   1.8106e-03    42   9.52373e-06
2220   1.387500e+01   1.0000e+00   4.4359e+00   1.7983e-03    42   9.52611e-06
2230   1.393750e+01   1.0000e+00   4.4364e+00   1.7861e-03    42   9.52848e-06
2240   1.400000e+01   1.0000e+00   4.4369e+00   1.7740e-03    42   9.53085e-06
2250   1.406250e+01   1.0000e+00   4.4374e+00   1.7620e-03    42   9.53320e-06
2260   1.412500e+01   1.0000e+00   4.4379e+00   1.7501e-03    42   9.53555e-06
2270   1.418750e+01   1.0000e+00   4.4384e+00   1.7383e-03    42   9.53788e-06
2280   1.425000e+01   1.0000e+00   4.4389e+00   1.7265e-03    42   9.54021e-06
2290   1.431250e+01   1.0000e+00   4.4394e+00   1.7149e-03    42   9.54253e-06
2300   1.437500e+01   1.0000e+00   4.4399e+00   1.7034e-03    42   9.54483e-06
2310   1.443750e+01   1.0000e+00   4.4403e+00   1.6919e-03    42   9.54713e-06
2320   1.450000e+01   1.0000e+00   4.4408e+00   1.6805e-03    42   9.54942e-06
2330   1.456250e+01   1.0000e+00   4.4413e+00   1.6692e-03    42   9.55170e-06
2340   1.462500e+01   1.0000e+00   4.4418e+00   1.6580e-03    42   9.55397e-06
2350   1.468750e+01   1.0000e+00   4.4423e+00   1.6469e-03    42   9.55623e-06
2360   1.475000e+01   1.0000e+00   4.4428e+00   1.6359e-03    42   9.55848e-06
2370   1.481250e+01   1.0000e+00   4.4433e+00   1.6249e-03    42   9.56072e-06
2380   1.487500e+01   1.0000e+00   4.4438e+00   1.6141e-03    42   9.56295e-06
2390   1.493750e+01   1.0000e+00   4.4443e+00   1.6033e-03    42   9.56517e-06
2400   1.500000e+01   1.0000e+00   4.4448e+00   1.5926e-03    42   9.56738e-06
2410   1.506250e+01   1.0000e+00   4.4453e+00   1.5820e-03    42   9.56958e-06
2420   1.512500e+01   1.0000e+00   4.4458e+00   1.5714e-03    42   9.57177e-06
2430   1.518750e+01   1.0000e+00   4.4463e+00   1.5609e-03    42   9.57396e-06
2440   1.525000e+01   1.0000e+00   4.4468e+00   1.5505e-03    42   9.57613e-06
2450   1.531250e+01   1.0000e+00   4.4473e+00   1.5402e-03    42   9.57829e-06
2460   1.537500e+01   1.0000e+00   4.4478e+00   1.5300e-03    42   9.58044e-06
2470   1.543750e+01   1.0000e+00   4.4483e+00   1.5198e-03    42   9.58258e-06
2480   1.550000e+01   1.0000e+00   4.4488e+00   1.5097e-03    42   9.58471e-06
2490   1.556250e+01   1.0000e+00   4.4493e+00   1.4997e-03    42   9.58683e-06
2500   1.562500e+01   1.0000e+00   4.4498e+00   1.4898e-03    42   9.58894e-06
2510   1.568750e+01   1.0000e+00   4.4503e+00   1.4799e-03    42   9.59104e-06
2520   1.575000e+01   1.0000e+00   4.4508e+00   1.4701e-03    42   9.59313e-06
2530   1.581250e+01   1.0000e+00   4.4513e+00   1.4603e-03    42   9.59521e-06
2540   1.587500e+01   1.0000e+00   4.4518e+00   1.4507e-03    42   9.59728e-06
2550   1.593750e+01   1.0000e+00   4.4523e+00   1.4411e-03    42   9.59934e-06
2560   1.600000e+01   1.0000e+00   4.4528e+00   1.4315e-03    42   9.60138e-06
2570   1.606250e+01   1.0000e+00   4.4533e+00   1.4221e-03    42   9.60342e-06
2580   1.612500e+01   1.0000e+00   4.4538e+00   1.4127e-03    42   9.60544e-06
2590   1.618750e+01   1.0000e+00   4.4543e+00   1.4033e-03    42   9.60746e-06
2600   1.625000e+01   1.0000e+00   4.4548e+00   1.3940e-03    42   9.60946e-06
2610   1.631250e+01   1.0000e+00   4.4553e+00   1.3848e-03    42   9.61145e-06
2620   1.637500e+01   1.0000e+00   4.4558e+00   1.3757e-03    42   9.61343e-06
2630   1.643750e+01   1.0000e+00   4.4563e+00   1.3666e-03    42   9.61540e-06
2640   1.650000e+01   1.0000e+00   4.4568e+00   1.3576e-03    42   9.61735e-06
2650   1.656250e+01   1.0000e+00   4.4573e+00   1.3486e-03    42   9.61929e-06
2660   1.662500e+01   1.0000e+00   4.4578e+00   1.3397e-03    42   9.62123e-06
2670   1.668750e+01   1.0000e+00   4.4583e+00   1.3309e-03    42   9.62314e-06
2680   1.675000e+01   1.0000e+00   4.4588e+00   1.3221e-03    42   9.62505e-06
2690   1.681250e+01   1.0000e+00   4.4593e+00   1.3133e-03    42   9.62695e-06
2700   1.687500e+01   1.0000e+00   4.4598e+00   1.3047e-03    42   9.62883e-06
2710   1.693750e+01   1.0000e+00   4.4603e+00   1.2960e-03    42   9.63070e-06
2720   1.700000e+01   1.0000e+00   4.4608e+00   1.2875e-03    42   9.63256e-06
2730   1.706250e+01   1.0000e+00   4.4613e+00   1.2790e-03    42   9.63441e-06
2740   1.712500e+01   1.0000e+00   4.4618e+00   1.2705e-03    42   9.63624e-06
2750   1.718750e+01   1.0000e+00   4.4622e+00   1.2621e-03    42   9.63806e-06
2760   1.725000e+01   1.0000e+00   4.4627e+00   1.2538e-03    42   9.63987e-06
2770   1.731250e+01   1.0000e+00   4.4632e+00   1.2455e-03    42   9.64167e-06
2780   1.737500e+01   1.0000e+00   4.4637e+00   1.2372e-03    42   9.64345e-06
2790   1.743750e+01   1.0000e+00   4.4642e+00   1.2291e-03    42   9.64522e-06
2800   1.750000e+01   1.0000e+00   4.4647e+00   1.2209e-03    42   9.64698e-06
2810   1.756250e+01   1.0000e+00   4.4652e+00   1.2128e-03    42   9.64872e-06
2820   1.762500e+01   1.0000e+00   4.4657e+00   1.2048e-03    42   9.65045e-06
2830   1.768750e+01   1.0000e+00   4.4662e+00   1.1968e-03    42   9.65217e-06
2840   1.775000e+01   1.0000e+00   4.4666e+00   1.1889e-03    42   9.65388e-06
2850   1.781250e+01   1.0000e+00   4.4671e+00   1.1810e-03    42   9.65557e-06
2860   1.787500e+01   1.0000e+00   4.4676e+00   1.1732e-03    42   9.65725e-06
2870   1.793750e+01   1.0000e+00   4.4681e+00   1.1654e-03    42   9.65892e-06
2880   1.800000e+01   1.0000e+00   4.4686e+00   1.1576e-03    42   9.66057e-06
2890   1.806250e+01   1.0000e+00   4.4690e+00   1.1499e-03    42   9.66220e-06
2900   1.812500e+01   1.0000e+00   4.4695e+00   1.1423e-03    42   9.66383e-06
2910   1.818750e+01   1.0000e+00   4.4700e+00   1.1347e-03    42   9.66543e-06
2920   1.825000e+01   1.0000e+00   4.4705e+00   1.1271e-03    42   9.66703e-06
2930   1.831250e+01   1.0000e+00   4.4710e+00   1.1196e-03    42   9.66861e-06
2940   1.837500e+01   1.0000e+00   4.4714e+00   1.1121e-03    42   9.67018e-06
2950   1.843750e+01   1.0000e+00   4.4719e+00   1.1047e-03    42   9.67173e-06
2960   1.850000e+01   1.0000e+00   4.4724e+00   1.0973e-03    42   9.67327e-06
2970   1.856250e+01   1.0000e+00   4.4728e+00   1.0900e-03    42   9.67479e-06
2980   1.862500e+01   1.0000e+00   4.4733e+00   1.0827e-03    42   9.67630e-06
2990   1.868750e+01   1.0000e+00   4.4738e+00   1.0754e-03    42   9.67779e-06
3000   1.875000e+01   1.0000e+00   4.4742e+00   1.0682e-03    42   9.67927e-06
3010   1.881250e+01   1.0000e+00   4.4747e+00   1.0610e-03    42   9.68074e-06
3020   1.887500e+01   1.0000e+00   4.4752e+00   1.0539e-03    42   9.68219e-06
3030   1.893750e+01   1.0000e+00   4.4756e+00   1.0468e-03    42   9.68362e-06
3040   1.900000e+01   1.0000e+00   4.4761e+00   1.0397e-03    42   9.68504e-06
3050   1.906250e+01   1.0000e+00   4.4765e+00   1.0327e-03    42   9.68645e-06
3060   1.912500e+01   1.0000e+00   4.4770e+00   1.0257e-03    42   9.68784e-06
3070   1.918750e+01   1.0000e+00   4.4775e+00   1.0188e-03    42   9.68921e-06
3080   1.925000e+01   1.0000e+00   4.4779e+00   1.0119e-03    42   9.69057e-06
3090   1.931250e+01   1.0000e+00   4.4784e+00   1.0050e-03    42   9.69192e-06
3100   1.937500e+01   1.0000e+00   4.4788e+00   9.9820e-04    42   9.69325e-06
3110   1.943750e+01   1.0000e+00   4.4793e+00   9.9141e-04    42   9.69457e-06
3120   1.950000e+01   1.0000e+00   4.4797e+00   9.8466e-04    42   9.69587e-06
3130   1.956250e+01   1.0000e+00   4.4802e+00   9.7795e-04    42   9.69715e-06
3140   1.962500e+01   1.0000e+00   4.4806e+00   9.7127e-04    42   9.69842e-06
3150   1.968750e+01   1.0000e+00   4.4810e+00   9.6463e-04    42   9.69968e-06
3160   1.975000e+01   1.0000e+00   4.4815e+00   9.5803e-04    42   9.70092e-06
3170   1.981250e+01   1.0000e+00   4.4819e+00   9.5146e-04    42   9.70214e-06
3180   1.987500e+01   1.0000e+00   4.4823e+00   9.4493e-04    42   9.70336e-06
3190   1.993750e+01   1.0000e+00   4.4828e+00   9.3843e-04    42   9.70455e-06
3200   2.000000e+01   1.0000e+00   4.4832e+00   9.3197e-04    42   9.70573e-06
